0.0
0.0
0.0
0.0
0.0
0.0
0.0
0.0
0.0
0.0
0.0
0.0
0.0
0.0
0.0
0.0
0.0
0.0
0.0
0.0
0.0
0.0
0.0
0.0
0.0
0.0
0.0
0.0
0.0
0.0
0.0
0.0
0.0
0.0
0.0
0.0
0.0
0.0
0.0
0.0
0.0
0.0
0.0
0.0
0.0
0.0
0.0
0.0
0.0
0.0
0.0
0.0
0.0
0.0
0.0
0.0
0.0
0.0
0.0
0.0
0.0
0.0
0.0
0.0
0.0
0.0
0.0
0.0
0.0
0.0
0.0
0.0
0.0
0.0
0.0
0.0
0.0
0.0
0.0
0.0
0.0
0.0
0.0
0.0
0.0
0.0
0.0
0.0
0.0
0.0
0.0
0.0
0.0
0.0
0.0
0.0
0.0
0.0
0.0
0.0
0.0
0.0
0.0
0.0
0.0
0.0
0.0
0.0
0.0
0.0
0.0
0.0
0.0139718396632
0.0142028059365
0.0163963780817
0.0163963780817
0.0163963780817
0.0163963780817
0.0163963780817
0.0163963780817
0.0163963780817
0.0163963780817
0.0163963780817
0.0163963780817
0.0163963780817
0.0163963780817
0.0163963780817
0.0163963780817
0.0163963780817
0.0163963780817
0.0163963780817
0.0163963780817
0.0163963780817
0.0163963780817
0.0163963780817
0.0163963780817
0.0163963780817
0.0163963780817
0.0163963780817
0.0163963780817
0.0163963780817
0.0163963780817
0.0163963780817
0.0163963780817
0.0163963780817
0.0163963780817
0.0163963780817
0.0163963780817
0.0163963780817
0.0163963780817
0.0163963780817
0.0163963780817
0.0187091680607
0.0187091680607
0.0187091680607
0.0187091680607
0.0187091680607
0.0187091680607
0.0187091680607
0.0187091680607
0.0187091680607
0.0256986876004
0.0256986876004
0.0256986876004
0.0256986876004
0.0259296538737
0.0281232260188
0.0281232260188
0.0281232260188
0.0281232260188
0.0281232260188
0.0281232260188
0.0281232260188
0.0281232260188
0.0281232260188
0.0281232260188
0.0281232260188
0.0281232260188
0.0281232260188
0.0281232260188
0.0281232260188
0.0281232260188
0.0281232260188
0.0281232260188
0.0281232260188
0.0281232260188
0.0281232260188
0.0281232260188
0.0281232260188
0.0281232260188
0.0281232260188
0.0281232260188
0.0281232260188
0.0281232260188
0.0281232260188
0.0281232260188
0.0281232260188
0.0281232260188
0.0281232260188
0.0281232260188
0.0281232260188
0.0281232260188
0.0281232260188
0.0281232260188
0.0281232260188
0.0281232260188
0.0281232260188
0.0281232260188
0.0281232260188
0.0281232260188
0.0281232260188
0.0281232260188
0.0281232260188
0.0281232260188
0.0281232260188
0.0281232260188
0.0281232260188
0.0281232260188
0.0281232260188
0.0281232260188
0.0281232260188
0.0281232260188
0.0281232260188
0.0281232260188
0.0281232260188
0.0281232260188
0.0281232260188
0.0281232260188
0.0281232260188
0.0281232260188
0.0398491065344
0.0398491065344
0.046771300283
0.046771300283
0.046771300283
0.0492631644926
0.0492631644926
0.0492631644926
0.0492631644926
0.0492775183288
0.0561853582412
0.0561853582412
0.0561997120773
0.0561997120773
0.0562670378686
0.0562670378686
0.058691576287
0.058691576287
0.058691576287
0.058691576287
0.058691576287
0.058691576287
0.058691576287
0.058691576287
0.058691576287
0.058691576287
0.058691576287
0.058691576287
0.058691576287
0.058691576287
0.058691576287
0.058691576287
0.058691576287
0.058691576287
0.058691576287
0.058691576287
0.058691576287
0.058691576287
0.058691576287
0.0631892316171
0.0634201978904
0.0656137700355
0.0656137700355
0.0656137700355
0.0656137700355
0.0656137700355
0.0656137700355
0.0656137700355
0.0656137700355
0.0656137700355
0.0656137700355
0.0656137700355
0.0656137700355
0.0656137700355
0.0656137700355
0.0656137700355
0.0671312494983
0.0671312494983
0.0671312494983
0.0671312494983
0.0765453074565
0.0765453074565
0.0765453074565
0.0765453074565
0.0765596612927
0.07967328509
0.0809743433502
0.0837801471057
0.0859737192508
0.0859737192508
0.0859737192508
0.0859737192508
0.0859737192508
0.0859737192508
0.0859737192508
0.0859737192508
0.0859737192508
0.0859737192508
0.0859737192508
0.0859737192508
0.0859737192508
0.0859737192508
0.0859737192508
0.0859737192508
0.0859737192508
0.0859737192508
0.0859737192508
0.0859737192508
0.0859737192508
0.0859737192508
0.0859737192508
0.0859737192508
0.0859737192508
0.0859737192508
0.0859737192508
0.0859737192508
0.0859737192508
0.0859737192508
0.0859737192508
0.0859737192508
0.0859737192508
0.0859737192508
0.0859737192508
0.0859737192508
0.0859737192508
0.0859737192508
0.0859737192508
0.0859737192508
0.0859737192508
0.0859737192508
0.0859737192508
0.0859737192508
0.0859737192508
0.0859737192508
0.0859737192508
0.0859737192508
0.0859737192508
0.0859737192508
0.0859737192508
0.0859737192508
0.0859737192508
0.0859737192508
0.0859737192508
0.0859737192508
0.0859737192508
0.0859737192508
0.0859737192508
0.0859737192508
0.0859737192508
0.0859737192508
0.0859737192508
0.0859737192508
0.0859737192508
0.0859737192508
0.0865027301086
0.0875391423263
0.0890873430482
0.0891987090187
0.0894597216058
0.0940356480897
0.0970972448554
0.0973118662039
0.0973118662039
0.0973118662039
0.0973118662039
0.0979229954035
0.0979229954035
0.0987936410616
0.100349738643
0.102548136647
0.107203391699
0.109594002868
0.114666914057
0.116820135723
0.117068335599
0.11979821926
0.11979821926
0.120709687859
0.12226134205
0.126198669062
0.131186829622
0.131988990833
0.132388772168
0.136216150595
0.140544079686
0.140802358745
0.141055688205
0.141109548838
0.141400079032
0.141417402627
0.141417402627
0.14161803011
0.142765763302
0.143538935613
0.144305054746
0.144327462929
0.145319621235
0.145814119891
0.147006185738
0.147657957893
0.148286466933
0.150230770539
0.152972319504
0.153583909917
0.153766572606
0.15472767218
0.15472767218
0.156251079912
0.156253959679
0.156664675128
0.156807066083
0.157082938715
0.157714878728
0.158558897795
0.161438675552
0.162260286436
0.162386276221
0.163747753332
0.166399984539
0.167182617333
0.167498266741
0.167700637832
0.168692076196
0.168692076196
0.169049785943
0.169255689249
0.169348899191
0.170590719754
0.170590719754
0.172384566809
0.173317813642
0.173317813642
0.17349358064
0.173588219217
0.173829444659
0.175298463051
0.17543093231
0.17546226102
0.17554229828
0.175653090547
0.176051668231
0.177512159814
0.177512159814
0.177512159814
0.17775702996
0.177986421361
0.178429804161
0.179586604118
0.179891409405
0.179964640967
0.180490322095
0.180799120807
0.181460465935
0.181648404447
0.181661802111
0.182205808003
0.182657436385
0.182657436385
0.182746225436
0.182746225436
0.182746225436
0.182746225436
0.182746225436
0.183350278959
0.183383385025
0.183383385025
0.183494750996
0.183708832388
0.183778205513
0.185067148506
0.185081502342
0.185584764037
0.185778293346
0.186543107585
0.18689528278
0.187331871132
0.189052025412
0.189052025412
0.189052025412
0.189319821199
0.190013788682
0.190132736538
0.190576783034
0.191069403093
0.191076816242
0.191638246971
0.192174738472
0.193010669445
0.193475504256
0.19416551206
0.195093303085
0.195790881525
0.1965922553
0.197211348854
0.197389455663
0.197474645006
0.198409511707
0.199044050258
0.199175529598
0.199207342019
0.199772473698
0.199772473698
0.200109755101
0.200767860492
0.200860282998
0.20142217494
0.201820415151
0.201954358041
0.202048692892
0.202306420745
0.202654546269
0.203384713317
0.203526856792
0.203710228175
0.20374333424
0.203821594145
0.203854700211
0.203854700211
0.204084226601
0.204156546987
0.204235909302
0.204478518382
0.204509014659
0.204804584444
0.205204174546
0.205298183173
0.205300387995
0.205408345491
0.205427097721
0.205441451557
0.206196861558
0.206506267722
0.2069030568
0.2069030568
0.207601040208
0.207691820347
0.208379240861
0.208690255644
0.20872336171
0.20872336171
0.208812735713
0.209906810756
0.210117033711
0.210288694793
0.210288694793
0.210485373846
0.21109114848
0.211312856754
0.211721288638
0.212091079905
0.212108999702
0.212428766276
0.212517251601
0.21349666469
0.21349666469
0.21349666469
0.21349666469
0.213871011838
0.214355476308
0.214855509515
0.214855509515
0.214855509515
0.214855509515
0.214855509515
0.214855509515
0.214855509515
0.214855509515
0.214855509515
0.214855509515
0.215102438244
0.215814404268
0.216741902817
0.216952204515
0.217223296285
0.217352660796
0.217774074128
0.218241147508
0.218241147508
0.218241147508
0.218241147508
0.218241147508
0.219536468733
0.219617563408
0.219647834704
0.221220232214
0.221220232214
0.2212900778
0.22135372514
0.221462571315
0.222966011916
0.223518060906
0.223518060906
0.223872778395
0.22451479759
0.224516496202
0.224516496202
0.224516496202
0.224845352039
0.224868963874
0.22490465723
0.22490465723
0.22490465723
0.225173544179
0.225305113511
0.226170314611
0.227130300525
0.227130300525
0.227176894247
0.227488921448
0.227600287419
0.227600287419
0.228192011942
0.228221900768
0.228221900768
0.22822410559
0.22822410559
0.228580229215
0.229161987046
0.229172684929
0.229172684929
0.229172684929
0.229172684929
0.229172684929
0.229172684929
0.229433427538
0.229524646392
0.230648644008
0.230648644008
0.230648644008
0.230648644008
0.230648644008
0.230648644008
0.230648644008
0.230648644008
0.230648644008
0.230648644008
0.230648644008
0.230648644008
0.231470513621
0.231470513621
0.231473010918
0.231806422635
0.232465900415
0.232468948918
0.232548311233
0.233676201034
0.236417288786
0.238601096723
0.238601096723
0.238601096723
0.238601096723
0.238601096723
0.238601096723
0.238601096723
0.238601096723
0.238601096723
0.238601096723
0.238601096723
0.238601096723
0.238601096723
0.238601096723
0.238601096723
0.238601096723
0.238601096723
0.238601096723
0.238601096723
0.238601096723
0.238601096723
0.238601096723
0.238601096723
0.238601096723
0.23893870435
0.23893870435
0.238942731523
0.253489860792
0.2543031586
0.2543031586
0.259207434711
0.259540846428
0.259540846428
0.259540846428
0.259540846428
0.259804165078
0.264248589724
0.264248589724
0.264248589724
0.266118311877
0.267071548339
0.267685366071
0.268635846506
0.26905081411
0.269278034437
0.272021484498
0.274572080196
0.278557553304
0.282953021919
0.289368511751
0.290997582166
0.290997582166
0.291517919977
0.292381433713
0.292381433713
0.292381433713
0.292381433713
0.292381433713
0.292381433713
0.292381433713
0.292381433713
0.292620353092
0.29297816408
0.29388604422
0.294481278458
0.294811630423
0.295476552761
0.296905816876
0.297188101489
0.30042599396
0.302392222039
0.302392222039
0.302633424982
0.303240706993
0.30420350518
0.304217060331
0.304550033333
0.30468204138
0.305061011903
0.305112318993
0.305908878158
0.30664380357
0.3076091553
0.309451227194
0.309825878068
0.310071074437
0.310899221041
0.311193159709
0.312023522383
0.313289854709
0.315958025873
0.315958025873
0.316206113258
0.317663848815
0.317725606308
0.318498058677
0.318542290091
0.318542290091
0.319224063563
0.320327632836
0.320785943176
0.320785943176
0.321702012651
0.322752171254
0.322752171254
0.322752171254
0.323083591882
0.324171581168
0.324171581168
0.324171581168
0.325033891252
0.325768794166
0.325872218281
0.32595005072
0.326986294201
0.326986294201
0.327077906773
0.328412892283
0.329008126521
0.329654465366
0.329831188537
0.330362561703
0.331280206051
0.332170481367
0.33238110929
0.33251590711
0.332824559585
0.332824559585
0.332999831624
0.333816661645
0.334938746916
0.335117472425
0.336506318568
0.336506318568
0.33700406821
0.337115434181
0.337855005466
0.338460352635
0.338838052011
0.339050727267
0.339054349473
0.339420338549
0.33968697568
0.33975098299
0.340416119061
0.3415244242
0.341598893162
0.34177651626
0.342422855105
0.342835865368
0.342905384731
0.343472642488
0.343718255074
0.343755264573
0.343933618862
0.343987153272
0.343987153272
0.344033746994
0.34416773488
0.344288415095
0.344531530384
0.346576232099
0.347372791264
0.347549514435
0.348209712157
0.348368571776
0.348687708401
0.348827197091
0.348996158391
0.350745144084
0.351054707734
0.351434195715
0.352230473653
0.35265034586
0.352685105542
0.354019416106
0.355276175458
0.355346381015
0.355795557096
0.356117269762
0.356620565205
0.356731931175
0.357355749346
0.357430465788
0.357870833833
0.35882030185
0.359780287764
0.36008103213
0.36203896963
0.362209607045
0.363207558631
0.363207558631
0.363942484043
0.363942484043
0.36455957526
0.364863773095
0.36530599724
0.365404989213
0.366426912606
0.366593196624
0.366936181314
0.366936181314
0.367732740479
0.367732740479
0.369630922825
0.370262502866
0.370659978139
0.370794640971
0.371126905281
0.371160011346
0.371160011346
0.371588691589
0.371830884452
0.37281622581
0.373243331181
0.37430279278
0.374545649339
0.374545649339
0.374833401008
0.374833401008
0.375024286781
0.375564805456
0.376031181392
0.376364593109
0.376397699175
0.376397699175
0.376764711917
0.376871375769
0.37712900238
0.37712900238
0.377352071794
0.37779625328
0.378393636094
0.379541144304
0.379567039704
0.379567039704
0.380611854991
0.380611854991
0.381001253418
0.381197077541
0.38130081663
0.381518790206
0.38390478925
0.384130884668
0.384133854427
0.384974746248
0.386953145839
0.386953145839
0.386953145839
0.386953145839
0.386953145839
0.387046704503
0.388305162467
0.389764090428
0.389766295249
0.389964549174
0.390122711351
0.39042661671
0.390808748227
0.391129347233
0.391154590186
0.391583551656
0.391655050858
0.392190833667
0.392190833667
0.392190833667
0.392712026409
0.392726099018
0.392995874644
0.3939775488
0.394381166075
0.394905598554
0.394905598554
0.394905598554
0.394905598554
0.394905598554
0.394905598554
0.394905598554
0.39498742442
0.395737772331
0.395738728504
0.396013150004
0.396561813018
0.396898576963
0.396898576963
0.396898576963
0.397397485262
0.397428532745
0.397626077978
0.398126111185
0.398451029841
0.399721535578
0.400143286382
0.400143286382
0.401011704721
0.401285833745
0.401463625579
0.401511749177
0.402424286439
0.402424286439
0.403195512658
0.404082424497
0.404671471737
0.404671471737
0.404671471737
0.405202833654
0.407673988293
0.407673988293
0.409205180394
0.40923828646
0.40923828646
0.40923828646
0.40923828646
0.409482166686
0.409799717189
0.41133498146
0.41133498146
0.412623924452
0.412623924452
0.412623924452
0.412623924452
0.412623924452
0.413908772777
0.414030611648
0.414506189338
0.41474111529
0.415603009158
0.415603009158
0.416556110631
0.418896224644
0.41923063753
0.419249074785
0.419249074785
0.419251740819
0.419287434175
0.420813440446
0.421871698393
0.421871698393
0.421983064363
0.42246509903
0.423555461873
0.423555461873
0.423569815709
0.425031420952
0.425031420952
0.425031420952
0.425031420952
0.430252550123
0.430557130428
0.432983873668
0.432983873668
0.432983873668
0.432983873668
0.432983873668
0.432983873668
0.432983873668
0.432983873668
0.432983873668
0.432983873668
0.432983873668
0.432983873668
0.433859412679
0.434089512772
0.434174184657
0.434893237606
0.435042209278
0.437327618977
0.437892964388
0.438857731165
0.441088965257
0.443805147529
0.444537361911
0.446273793621
0.447557404546
0.448187432213
0.452977620075
0.45461556602
0.457411673062
0.457604999887
0.457868206046
0.458422639842
0.459617461716
0.461253844038
0.46138838313
0.461480119442
0.462099674208
0.463354611208
0.463354611208
0.463354611208
0.463379831663
0.463467844527
0.464593383268
0.466570635453
0.466570635453
0.467917353761
0.472142184962
0.473661340539
0.474021795063
0.474388031618
0.476278227111
0.477181517623
0.477181517623
0.477181517623
0.478003387235
0.47850209305
0.479001822532
0.479886192078
0.481248299138
0.481613793254
0.482482942783
0.483004945459
0.483739780879
0.48497804673
0.485133970338
0.485133970338
0.489516255022
0.492834780956
0.495082404969
0.496609558647
0.505917796435
0.506990858181
0.509162944568
0.509630715392
0.512219220516
0.51306019108
0.51306019108
0.51326184223
0.516580368164
0.520108835826
0.524121587972
0.52491268008
0.526306869539
0.526306869539
0.529522893784
0.532074040687
0.532335233259
0.532603220281
0.535448733317
0.535780176443
0.53739331815
0.540638545027
0.543744688181
0.545047883768
0.547129268759
0.555075961941
0.555617504283
0.557753267365
0.559349524191
0.559943712264
0.560325247579
0.562199863085
0.562518358511
0.562676306955
0.565518389019
0.565933109144
0.567700610834
0.567743132387
0.57221374491
0.572657678915
0.57436876643
0.575192829615
0.57573100848
0.575810337048
0.577150609629
0.582146577056
0.5830192363
0.585524183199
0.586743854308
0.588999037708
0.589933724424
0.590971689015
0.594000100972
0.594407284207
0.594430896043
0.594610408988
0.596093871209
0.596808368278
0.596808368278
0.596831001442
0.596982054195
0.599239442416
0.600440710017
0.600462094533
0.600892023425
0.601327936831
0.601751093771
0.602562861703
0.603540924902
0.605408093512
0.607270604999
0.609660248747
0.611152080289
0.612869591034
0.614548562403
0.617240570385
0.6173674151
0.618056939193
0.618610495561
0.619104533004
0.620059546822
0.620822043749
0.620872113439
0.62118043969
0.62118043969
0.622295696765
0.62312641941
0.623920470028
0.624342220833
0.625432257453
0.625484768195
0.625529787045
0.625643042862
0.625964879268
0.626009391909
0.628579392283
0.628870406187
0.628998882021
0.629188710379
0.631226988866
0.631872922743
0.63343722091
0.635403448988
0.639439621735
0.63957498201
0.639801943608
0.642550455759
0.643254153703
0.644770339521
0.644912977956
0.644912977956
0.644912977956
0.645710178319
0.645710178319
0.64637974653
0.647743698441
0.649005981095
0.649074431795
0.650131407345
0.653067801763
0.654756064878
0.654758269699
0.65582029609
0.656428894245
0.657182808118
0.657182808118
0.657182808118
0.657182808118
0.657182808118
0.657182808118
0.657360959923
0.65737530251
0.657562667319
0.660000794636
0.661565092802
0.663092280228
0.663493456451
0.665343683934
0.66722927855
0.667898464293
0.668039314122
0.668089226326
0.67290318351
0.672904927119
0.675882268216
0.676180245306
0.677826144356
0.677940840057
0.677997501713
0.679040123427
0.6794024453
0.679785937956
0.68298989193
0.683627388991
0.683849074767
0.684132698021
0.684132698021
0.684271106799
0.684693667537
0.686300217278
0.687243532044
0.69106956058
0.695219146632
0.696162135174
0.698355707319
0.698355707319
0.698355707319
0.698605673302
0.700792855965
0.701571731564
0.708451268771
0.711383962238
0.714939292722
0.717014456968
0.721891859008
0.723311685139
0.723790243837
0.732942468025
0.735001692313
0.737324887698
0.739042870904
0.740033893052
0.744150193052
0.744899674784
0.748425622651
0.748739472204
0.751005825948
0.75304958274
0.756068151744
0.75697607688
0.760388690185
0.761609193727
0.761783453348
0.764678417374
0.768004761424
0.768109737912
0.769348251244
0.769348251244
0.769483690262
0.772096290933
0.772532946779
0.774694402778
0.778753838639
0.779221913187
0.779221913187
0.779221913187
0.779221913187
0.782451436338
0.786098694368
0.79322927747
0.793718905271
0.797792020023
0.798956593099
0.804095896405
0.807873081401
0.808911833429
0.809000172516
0.809304651579
0.811488459516
0.814107663401
0.81470448376
0.816864286144
0.818522750425
0.819998709505
0.821300600197
0.821814222303
0.823220909499
0.823340948516
0.823481224642
0.825665032579
0.827091135701
0.827091135701
0.827259647038
0.831173362214
0.831794975563
0.832135699188
0.832745759724
0.833722450534
0.834221718803
0.834221718803
0.839622540904
0.840709765252
0.842174171518
0.842174171518
0.842174171518
0.842174171518
0.842174171518
0.842174171518
0.842222947563
0.847203290007
0.848229083086
0.848229083086
0.851088961207
0.856181535801
0.856181535801
0.856181535801
0.856181535801
0.856181535801
0.856181535801
0.858998296168
0.859397560046
0.874581218955
0.880999273579
0.896670591698
0.898969466556
0.901571189358
0.902365464958
0.903354046054
0.906483058604
0.907383300612
0.90891489768
0.912053066987
0.913269048396
0.913302154461
0.913978100906
0.92053860273
0.92053860273
0.927174079726
0.927633683711
0.931561336507
0.933658031507
0.933788880898
0.953969272171
0.955306923715
0.955306923715
0.955306923715
0.960028829612
0.961921724887
0.961921724887
0.961921724887
0.963914703296
0.963921137774
0.967981484811
0.968554918317
0.969673583866
0.97168759807
0.971867156011
0.974914590175
0.976254412792
0.976254412792
0.977319228957
0.97850862877
0.979640050785
0.984916964183
0.990571588206
0.990585942042
0.992047547285
0.992047547285
0.992047547285
0.992047547285
0.992047547285
0.992047547285
0.992047547285
0.992047547285
0.992047547285
0.992047547285
0.992869416898
0.993867852195
0.9961143288
0.997575461582
1.0
1.0
1.0
1.0
1.0
1.0
1.0
1.0
1.0
1.0
1.0
1.0
1.0
1.0
1.0
1.0
1.0
1.0
1.0
1.0
